8400108011147
8400108011168
8400108011187
8400108011188
8400108011104
8400108011110
8400108011189
8400108011169
8400108011148
8400108011141
8400108011131
8400108011136
8400108011137
8400108011155
8400108011170
8400108011151
8400108011186
8400000031145
8400108011102
8400108011101
8400108011103
8101008011050
8101008011055
8101008011085
8101008014010
8101008014029
8101008014011
8101008014030
8101008014012
8101008014031
8101008013010
8101008013083
8101008013025
8101008013035
8101008013015
8101008053015
8101008013075
8101008013076
8101008013084
8101008013042
8101008013045
8101008013078
8101008013079
8101008013040
8101008013077
8400108011146
8400108011143
8400108011150
8400108011149
8400108011165
8400108011163
8400108011161
8400108011159
8400108011157
8400108011153
8400108011105
8400108011173
8400108011172